1
42
20
1
111111------111111------111111------111111
111111------111111------111111------111111
117711------1177111111--117711--1111117711
117711------1177111111--117711--1111117711
117711------1177777711--117711--1177777711
117711------1177777711--117711--1177777711
117711111111117711111111117711111111117711
117711111111117711111111117711111111117711
117711777777117711777777117777771177117711
117711777777117711777777117777771177117711
117711111177117711771177117711771111117711
117711111177117711771177117711771111117711
117711777777117711777777117711771177117711
117711777777117711777777117711771177117711
117711771177117711771111117711771177117711
117711771177117711771111117711771177117711
117711777777117711777777117777771177117711
117711777777117711777777117777771177117711
111111111111111111111111111111111111111111
111111111111111111111111111111111111111111
